125809
7815897
27980214
50869501
66492504
75636523
87672709
88622205
88320942
99937520
112143881
113402620
127103238
129444719
133876756
139018991
151631664
154434555
157295075
167800321
175177899
183263496
184650895
185946493
187739964
199820406
201968816
202920456
203221788
211776542
218007474
222146145
222581573
223036760
227223245
228964297
230847277
236834308
267761322
272596262
272680753
281971625
284514368
297640659
304255099
322271129
325672135
330306976
333265410
346761887
347737957
349369159
371641205
371789671
380901183
409468765
413245141
423314247
433081169
441685382
448562683
456678724
460606108
484942481
